time throughput_mbps
0 0.000592
1 0.000592
2 0.001184
3 0.000592
4 0.000928
5 0.0
6 0.000592
7 0.0
8 0.0
9 3.940328
10 4.822448
11 4.362272
12 3.08344
13 3.282352
14 2.810512
15 3.473424
16 3.162288
17 3.524592
18 3.873648
19 3.089536
20 3.211104
21 2.900328
22 4.575328
23 2.298232
24 0.0
25 0.0
26 0.0
27 0.0
28 0.0
29 0.0
30 0.0
31 0.0
32 0.0
33 0.0
34 0.0
35 0.0
36 0.0
37 0.0
38 0.0
39 0.0
40 0.0
41 0.0
42 0.0
43 0.000592
44 0.626152
45 7.339344
46 6.317792
47 5.839568
48 5.307008
49 4.522896
50 4.54952
51 5.039648
52 6.008608
53 5.860304
54 0.987648
55 0.0
56 0.0
57 0.0
58 0.0
59 0.0
60 0.0
61 0.0
62 0.0
63 0.0
64 0.0
65 0.000592
66 2.103816
67 3.730496
68 3.411888
69 3.212688
70 3.573568
71 4.041712
72 4.706
73 6.12152
74 6.044944
75 6.389936
76 6.219632
77 2.832216
78 0.0
79 0.0
80 0.0
81 0.0
82 0.0
83 0.0
84 0.0
85 0.0
86 0.0
87 0.0
88 0.0
89 0.0
90 0.0
91 0.0
92 0.0
93 0.0
94 0.0
95 0.0
96 0.0
97 0.0
98 0.0
99 0.0
100 0.0
101 0.0
102 0.0
103 0.0
104 0.0
105 0.0
106 0.0
107 0.0
108 0.0
109 0.0
110 0.0
111 0.0
112 0.0
113 0.0
114 0.0
115 0.0
116 0.0
117 0.0
118 0.0
