time throughput_mbps
0 0.000592
1 0.001776
2 0.00152
3 0.0
4 0.000592
5 0.0
6 0.0
7 6.412072
8 4.963888
9 4.57984
10 4.634224
11 3.682128
12 4.227088
13 3.625024
14 5.329808
15 5.102896
16 4.810496
17 5.021456
18 0.0
19 0.0
20 0.000592
21 5.77836
22 8.861848
23 8.332608
24 7.288704
25 6.438416
26 6.730208
27 6.507968
28 2.489016
29 0.0
30 0.0
31 0.0
32 0.0
33 0.0
34 0.0
35 0.0
36 0.0
37 0.0
38 0.0
39 0.0
40 0.000592
41 7.23804
42 7.574064
43 5.499376
44 5.17272
45 5.616272
46 5.884032
47 5.847008
48 6.26552
49 3.249056
50 0.0
51 0.0
52 0.0
53 0.0
54 0.0
55 0.0
56 0.0
57 0.0
58 0.0
59 0.0
60 0.000592
61 3.781
62 4.445104
63 5.535712
64 4.232336
65 5.391264
66 6.041408
67 6.810928
68 6.48488
69 6.452
70 3.158336
71 0.0
72 0.0
73 0.0
74 0.0
75 0.0
76 0.0
77 0.0
78 0.0
79 0.0
80 0.0
81 0.0
82 0.0
83 0.0
84 0.0
85 0.0
86 0.0
87 0.0
88 0.0
89 0.0
90 0.0
91 0.0
92 0.0
93 0.0
94 0.0
95 0.0
96 0.0
97 0.0
98 0.0
99 0.0
100 0.0
101 0.0
102 0.0
103 0.0
104 0.0
